Configuration: 
RNN_UNITS = 512
TEMPERATURE = 1.0
NOISE = 0.0005

Statistics of Levenshtein Similarities:
nobs = 100
minmax = (0.3488372093023256, 0.8571428571428571)
mean = 0.5182382383352374
variance = 0.010432726756050914
skewness = 1.4085142172904546
kurtosis = 1.9135152124778676
