Configuration: 
RNN_UNITS = 512
TEMPERATURE = 0.5
NOISE = 0

Statistics of Levenshtein Similarities:
nobs = 10000
minmax = (0.3559322033898305, 1.0)
mean = 0.675513413776641
variance = 0.02806134266898924
skewness = 0.36133338072253934
kurtosis = -0.8559308631026457
